version https://git-lfs.github.com/spec/v1
oid sha256:aca569decfbfb2ffe92eeb9b3c4255b622d2de1cf56db92f8e1cceaa3c719fdd
size 123850657
